10.873611111111112
8.178611111111111
9.087222222222222
8.209444444444445
9.785
8.925833333333333
6.788333333333333
8.555833333333334
7.8725
6.281944444444444
8.39861111111111
6.3805555555555555
9.215
6.625
7.154444444444445
6.730555555555555
6.454444444444444
10.085277777777778
7.365277777777778
7.1563888888888885
7.1625
8.347222222222221
11.195277777777777
7.348333333333334
6.931388888888889
7.125277777777778
6.373333333333333
8.428333333333333
6.065833333333333
8.05
7.8966666666666665
6.44
7.824722222222222
6.051111111111111
6.63
8.968333333333334
6.610277777777778
5.013333333333334
5.864722222222222
9.161388888888888
7.938611111111111
5.533055555555555
6.8069444444444445
5.654166666666667
7.691944444444444
5.983611111111111
5.530833333333334
5.813611111111111
7.2652777777777775
6.948055555555555
5.657777777777778
5.260833333333333
5.228055555555556
6.983888888888889
12.52111111111111
5.536666666666667
7.643888888888889
5.0216666666666665
5.9030555555555555
5.699166666666667
8.619722222222222
6.057777777777778
5.339722222222222
5.361666666666666
5.308611111111111
5.220277777777778
5.203611111111111
5.971111111111111
5.027777777777778
5.3436111111111115
6.279722222222222
5.626111111111111
4.828333333333333
6.044722222222222
6.088888888888889
6.048611111111111
4.850555555555555
6.203055555555555
5.466111111111111
5.6075
8.645833333333334
5.9125
5.920555555555556
4.913333333333333
5.7975
9.379722222222222
8.08
4.957222222222223
5.030555555555556
5.569166666666667
5.371944444444445
5.766666666666667
4.665
6.036388888888889
4.0777777777777775
4.355
4.711111111111111
5.326666666666667
6.627777777777778
4.868611111111111
5.746111111111111
7.058888888888889
5.883333333333334
5.326944444444444
4.438888888888889
5.709722222222222
4.752222222222223
5.1025
4.722777777777778
7.378333333333333
4.454722222222222
4.896388888888889
3.9580555555555557
4.28
7.574722222222222
5.828055555555555
4.486111111111111
4.582777777777777
4.472222222222222
4.8261111111111115
4.974444444444444
4.1130555555555555
4.2941666666666665
4.304722222222222
4.240555555555556
4.006388888888889
5.0136111111111115
4.584444444444444
6.217777777777778
4.758611111111111
4.675833333333333
5.670555555555556
4.588611111111111
3.9955555555555557
4.410555555555556
3.7480555555555557
4.356944444444444
4.1658333333333335
4.252222222222223
4.1475
5.851111111111111
3.932777777777778
4.575277777777778
4.184444444444445
4.5247222222222225
4.488333333333333
3.908333333333333
4.378611111111111
4.624444444444444
3.998611111111111
3.8761111111111113
4.082777777777777
4.4025
4.216111111111111
4.211388888888889
4.630277777777778
4.006666666666667
4.095277777777778
3.7855555555555553
4.535833333333334
4.896944444444444
4.058333333333334
4.073333333333333
4.171666666666667
3.5469444444444442
4.137777777777778
3.375277777777778
3.6719444444444442
4.376388888888889
4.106111111111111
4.766111111111111
3.126388888888889
3.7258333333333336
5.670555555555556
4.3775
3.5180555555555557
4.185
5.52
6.0675
4.105555555555555
5.404444444444445
4.567222222222222
3.573611111111111
5.0969444444444445
3.5597222222222222
4.804166666666666
4.013055555555556
3.106388888888889
4.163888888888889
3.6663888888888887
4.1322222222222225
3.6341666666666668
4.296388888888889
3.6975
4.44
3.2288888888888887
3.7555555555555555
5.66
3.881111111111111
3.6019444444444444
