-8393.0
-8467.0
-8863.0
-10659.0
-8349.0
-12397.0
-8961.0
-8346.0
-7713.0
-9072.0
-6330.0
-9779.0
-6929.0
-7067.0
-11634.0
-8892.0
-6058.0
-9407.0
-7998.0
-7641.0
-9191.0
-6882.0
-8010.0
-6130.0
-8570.0
-7755.0
-7016.0
-8371.0
-5827.0
-8781.0
-5847.0
-10721.0
-9811.0
-6409.0
-6413.0
-6572.0
-8133.0
-6444.0
-6589.0
-6240.0
-7200.0
-6726.0
-6966.0
-5302.0
-6458.0
-6044.0
-7044.0
-7229.0
-7626.0
-4751.0
-5082.0
-6569.0
-6506.0
-6163.0
-6613.0
-7116.0
-6158.0
-6682.0
-6854.0
-6752.0
-7927.0
-5955.0
-5127.0
-7668.0
-4971.0
-6251.0
-6020.0
-6421.0
-6676.0
-5329.0
-7348.0
-5447.0
-6687.0
-6480.0
-5319.0
-6528.0
-6602.0
-7839.0
-7825.0
-5657.0
-8313.0
-6904.0
-5841.0
-7256.0
-5446.0
-6654.0
-5439.0
-5110.0
-5607.0
-5235.0
-6775.0
-6287.0
-6179.0
-5996.0
-5718.0
-7314.0
-5717.0
-5065.0
-4296.0
-4746.0
-4858.0
-5110.0
-5295.0
-5377.0
-6986.0
-4774.0
-6112.0
-5546.0
-5813.0
-5060.0
-5958.0
-5335.0
-5342.0
-6271.0
-5940.0
-5897.0
-6030.0
-5018.0
-5419.0
-4794.0
-5691.0
-5792.0
-5069.0
-5946.0
-5627.0
-5171.0
-6501.0
-5108.0
-7516.0
-5321.0
-5908.0
-5143.0
-5324.0
-3529.0
-4982.0
-4472.0
-4579.0
-4152.0
-4136.0
-5009.0
-4457.0
-4627.0
-4738.0
-4230.0
-5502.0
-4820.0
-4266.0
-5710.0
-4825.0
-4659.0
-5444.0
-5085.0
-5425.0
-5363.0
-4869.0
-4254.0
-5256.0
-4898.0
-5059.0
-4396.0
-4948.0
-5023.0
-3917.0
-4731.0
-4370.0
-5068.0
-4623.0
-4437.0
-4138.0
-4106.0
-4961.0
-5372.0
-4186.0
-4232.0
-4120.0
-4420.0
-5176.0
-4206.0
-4185.0
-4485.0
-5054.0
-3914.0
-3708.0
-4072.0
-5351.0
-3847.0
-4004.0
-4351.0
-4766.0
-3646.0
-4129.0
-3506.0
-3849.0
-4318.0
-4342.0
-4009.0
-4200.0
-3938.0
-3886.0
-3961.0
