8.723333333333333
8.466666666666667
8.615
9.563888888888888
6.852222222222222
11.001666666666667
7.631388888888889
8.518611111111111
7.7491666666666665
7.311111111111111
7.715
7.284166666666667
7.0697222222222225
7.4558333333333335
6.089166666666666
9.453888888888889
6.8597222222222225
6.0775
7.838888888888889
5.3005555555555555
6.424166666666666
7.305555555555555
10.937222222222223
6.736666666666666
6.1775
5.3997222222222225
7.1738888888888885
6.61
6.466666666666667
5.890833333333333
5.706944444444445
5.034166666666667
6.223055555555556
5.291111111111111
5.019444444444445
7.769444444444445
4.701944444444444
4.414166666666667
6.150555555555556
7.690555555555555
5.398611111111111
5.3725
4.791388888888889
5.752777777777778
5.621111111111111
4.987222222222222
4.9030555555555555
4.490277777777778
4.765555555555555
4.961388888888889
4.508055555555556
5.123888888888889
4.152222222222222
6.626666666666667
6.626666666666667
6.213055555555556
9.245833333333334
4.554166666666666
4.768611111111111
4.963055555555556
9.421388888888888
5.128888888888889
5.0777777777777775
4.167222222222223
4.9191666666666665
4.539166666666667
4.385
4.4725
4.030555555555556
4.7425
4.013333333333334
4.503888888888889
3.768611111111111
4.618888888888889
3.8694444444444445
4.614722222222222
3.973333333333333
4.304722222222222
3.7736111111111112
3.9402777777777778
7.199722222222222
4.432222222222222
4.216944444444445
3.9363888888888887
3.9755555555555557
6.7877777777777775
5.923055555555556
3.8555555555555556
3.868611111111111
4.211944444444445
3.983611111111111
3.852777777777778
3.8533333333333335
5.3625
3.279166666666667
3.4972222222222222
3.1491666666666664
3.7544444444444443
7.470555555555555
3.7319444444444443
