31404
30480
31014
34430
24668
39606
27473
30667
27897
26320
27774
26223
25451
26841
21921
34034
24695
21879
28220
19082
23127
26300
39374
24252
22239
19439
25826
23796
23280
21207
20545
18123
22403
19048
18070
27970
16927
15891
22142
27686
19435
19341
17249
20710
20236
17954
17651
16165
17156
17861
16229
18446
14948
23856
23856
22367
33285
16395
17167
17867
33917
18464
18280
15002
17709
16341
15786
16101
14510
17073
14448
16214
13567
16628
13930
16613
14304
15497
13585
14185
25919
15956
15181
14171
14312
24436
21323
13880
13927
15163
14341
13870
13872
19305
11805
12590
11337
13516
26894
13435
