10.371666666666666
7.293888888888889
6.91
9.288333333333334
8.161666666666667
9.182777777777778
9.835833333333333
9.858055555555556
7.300277777777778
11.875555555555556
8.7075
8.511388888888888
9.278611111111111
9.023888888888889
9.954722222222221
7.105277777777777
8.64638888888889
8.865833333333333
10.77
8.04111111111111
7.347222222222222
7.721111111111111
9.56611111111111
8.227222222222222
10.630277777777778
14.70138888888889
8.278333333333334
10.841388888888888
7.500277777777778
7.343055555555556
7.898055555555556
10.538055555555555
7.8475
7.259166666666666
8.54111111111111
10.831111111111111
7.870833333333334
5.726666666666667
8.15611111111111
12.337777777777777
7.373611111111111
7.137777777777778
6.072777777777778
6.541111111111111
8.769166666666667
7.711111111111111
7.3
9.735555555555555
12.606388888888889
8.335833333333333
8.721944444444444
5.804722222222222
7.36
13.475833333333334
13.428055555555556
7.675277777777778
11.932222222222222
8.563888888888888
10.873611111111112
7.9302777777777775
14.679722222222223
9.160277777777777
11.004722222222222
7.6594444444444445
6.792777777777777
7.895555555555555
8.36
10.671666666666667
8.618055555555555
9.881666666666666
11.745277777777778
7.0697222222222225
7.9775
7.608055555555556
7.793333333333333
7.881666666666667
7.57
8.4125
6.812777777777778
7.23
9.904166666666667
8.43388888888889
9.404166666666667
8.087222222222222
7.344444444444444
10.824444444444444
9.90638888888889
7.831944444444445
8.524166666666666
7.804722222222222
8.047222222222222
9.505
7.695833333333334
9.298333333333334
7.306666666666667
7.485277777777778
6.878611111111111
7.6466666666666665
11.406944444444445
7.390833333333333
