37338
26258
24876
33438
29382
33058
35409
35489
26281
42752
31347
30641
33403
32486
35837
25579
31127
31917
38772
28948
26450
27796
34438
29618
38269
52925
29802
39029
27001
26435
28433
37937
28251
26133
30748
38992
28335
20616
29362
44416
26545
25696
21862
23548
31569
27760
26280
35048
45383
30009
31399
20897
26496
48513
48341
27631
42956
30830
39145
28549
52847
32977
39617
27574
24454
28424
30096
38418
31025
35574
42283
25451
28719
27389
28056
28374
27252
30285
24526
26028
35655
30362
33855
29114
26440
38968
35663
28195
30687
28097
28970
34218
27705
33474
26304
26947
24763
27528
41065
26607
