-17950.0
-12454.0
-10873.0
-15729.0
-13746.0
-15567.0
-16661.0
-18227.0
-10763.0
-18183.0
-15192.0
-14150.0
-14166.0
-16194.0
-16426.0
-12206.0
-14275.0
-14674.0
-19973.0
-12031.0
-12402.0
-13964.0
-12434.0
-13204.0
-17678.0
-27271.0
-14209.0
-18642.0
-12834.0
-12118.0
-13027.0
-18608.0
-13207.0
-11386.0
-14497.0
-15760.0
-11979.0
-9223.0
-13587.0
-15389.0
-11257.0
-11299.0
-8317.0
-10696.0
-15268.0
-11727.0
-12414.0
-17279.0
-23562.0
-13980.0
-14265.0
-9339.0
-11948.0
-21495.0
-17878.0
-12429.0
-15832.0
-14901.0
-18347.0
-13565.0
-22844.0
-14479.0
-20446.0
-12465.0
-10808.0
-13035.0
-12638.0
-18273.0
-13150.0
-16869.0
-20733.0
-11054.0
-13493.0
-10960.0
-13133.0
-12102.0
-12237.0
-13541.0
-10055.0
-12647.0
-12209.0
-14006.0
-15117.0
-13073.0
-11514.0
-12924.0
-13674.0
-13612.0
-15443.0
-13190.0
-12922.0
-17363.0
-14164.0
-13436.0
-11146.0
-10924.0
-10467.0
-11995.0
-15941.0
-11129.0
