-17129.0
-13856.0
-13903.0
-12550.0
-17423.0
-12584.0
-10613.0
-15039.0
-12270.0
-9184.0
-13959.0
-10469.0
-15692.0
-11291.0
-11367.0
-10433.0
-9476.0
-16885.0
-11006.0
-11671.0
-11835.0
-14728.0
-13908.0
-11803.0
-11261.0
-9571.0
-9648.0
-13749.0
-9574.0
-13719.0
-13072.0
-8863.0
-10914.0
-9512.0
-10963.0
-10227.0
-10924.0
-7688.0
-8395.0
-10352.0
-13294.0
-7999.0
-10616.0
-8044.0
-12112.0
-8657.0
-9063.0
-8685.0
-11240.0
-11162.0
-7900.0
-6886.0
-7619.0
-10676.0
-14252.0
-8207.0
-7822.0
-6701.0
-8539.0
-8006.0
-8517.0
-7493.0
-7278.0
-8074.0
-7349.0
-6832.0
-7554.0
-9347.0
-7133.0
-7861.0
-10179.0
-7438.0
-6199.0
-7281.0
-9557.0
-8032.0
-5811.0
-9943.0
-7640.0
-7732.0
-9503.0
-7618.0
-7228.0
-7245.0
-6922.0
-8262.0
-8513.0
-7829.0
-7655.0
-7894.0
-7188.0
-7856.0
-6549.0
-7719.0
-5328.0
-5870.0
-6708.0
-6933.0
-7202.0
-6304.0
-7273.0
-7949.0
-8143.0
-7389.0
-5231.0
-5573.0
-5951.0
-7290.0
-6421.0
-7285.0
-6072.0
-6673.0
-4983.0
-5844.0
-7570.0
-7648.0
-5341.0
-5534.0
-5491.0
-6343.0
-5723.0
-5333.0
-5277.0
-5218.0
-5315.0
-5252.0
-6950.0
-6757.0
-5477.0
-5769.0
-5208.0
-4832.0
-6176.0
-5168.0
-6030.0
-4658.0
-4952.0
-4463.0
-5338.0
-5292.0
-4801.0
-4988.0
-5675.0
-5608.0
-5077.0
-4923.0
-5222.0
-5093.0
-5584.0
-4659.0
-4549.0
-4634.0
-4502.0
-4843.0
-4796.0
-5473.0
-4837.0
-4898.0
-4480.0
-5358.0
-4669.0
-4492.0
-5470.0
-4661.0
-3843.0
-4925.0
-3974.0
-3761.0
-5468.0
-5326.0
-5360.0
-3610.0
-4096.0
-5038.0
-4477.0
-4404.0
-4585.0
-5535.0
-4661.0
-4705.0
-4609.0
-4367.0
-4161.0
-4392.0
-3690.0
-5285.0
-4404.0
-3529.0
-4219.0
-4095.0
-4473.0
-3846.0
-5074.0
-4155.0
-4804.0
-3492.0
-4202.0
-4258.0
-4160.0
-4142.0
