21896
27422
21553
23296
20879
35313
20360
22198
18836
24303
17094
21135
16927
18003
34095
22101
15909
23654
21573
20499
23364
18194
19569
16866
20865
17767
17401
21288
20377
21109
16792
33223
21700
17432
16609
17513
20689
16836
16650
17843
26262
16990
20066
14665
18904
17762
18103
18063
19420
14582
16188
17480
18239
16162
17816
20117
15941
18462
16717
20100
28130
17105
14674
20691
14559
15725
15954
16901
18417
13649
20360
14115
17279
21772
16166
16527
17654
26064
27876
15456
24770
22274
15593
22026
14471
18950
15771
13353
16312
15492
18979
17918
19362
16912
15914
18271
16159
20112
13788
13074
13987
15157
14344
15680
27937
14200
22736
14988
16785
14803
14986
15352
15765
16995
18383
16404
17149
15110
15808
14511
17924
16989
14123
18462
24579
15375
21777
15467
20437
15656
16457
15256
15745
12113
14161
14219
14731
12536
14116
17196
13456
13861
15240
14208
23902
15374
13336
15728
14237
14361
15567
15379
17039
16878
13874
14635
21293
13348
14692
13887
16483
14864
12194
13625
17001
14297
14906
14005
13698
13196
15255
23863
13617
14254
13211
13534
19427
13919
13187
13777
21772
12160
12336
15442
17124
12714
13127
14939
15622
12434
13125
11723
12675
13512
14184
13399
13500
12916
13732
15436
