39145
29443
32714
29554
35226
32133
24438
30801
28341
22615
30235
22970
33174
23850
25756
24230
23236
36307
26515
25763
25785
30050
40303
26454
24953
25651
22944
30342
21837
28980
28428
23184
28169
21784
23868
32286
23797
18048
21113
32981
28579
19919
24505
20355
27691
21541
19911
20929
26155
25013
20368
18939
18821
25142
45076
19932
27518
18078
21251
20517
31031
21808
19223
19302
19111
18793
18733
21496
18100
19237
22607
20254
17382
21761
21920
21775
17462
22331
19678
20187
31125
21285
21314
17688
20871
33767
29088
17846
18110
20049
19339
20760
16794
21731
14680
15678
16960
19176
23860
17527
20686
25412
21180
19177
15980
20555
17108
18369
17002
26562
16037
17627
14249
15408
27269
20981
16150
16498
16100
17374
17908
14807
15459
15497
15266
14423
18049
16504
22384
17131
16833
20414
16519
14384
15878
13493
15685
14997
15308
14931
21064
14158
16471
15064
16289
16158
14070
15763
16648
14395
13954
14698
15849
15178
15161
16669
14424
14743
13628
16329
17629
14610
14664
15018
12769
14896
12151
13219
15755
14782
17158
11255
13413
20414
15759
12665
15066
19872
21843
14780
19456
16442
12865
18349
12815
17295
14447
11183
14990
13199
14876
13083
15467
13311
15984
11624
13520
20376
13972
12967
