31373
27882
31247
44305
28584
31546
32340
27831
24288
24125
23205
22069
25560
21471
29654
25197
26384
23550
21310
22222
20931
23337
29593
28316
20524
23786
23751
23731
20306
22338
23619
24506
23502
15767
20088
32668
19273
18976
20758
25452
18717
20399
17525
20527
17735
14396
16050
17376
21987
16390
14684
15118
16466
18854
26112
15049
24435
15736
15388
16778
20927
16621
15111
14322
15106
17333
17956
17901
14429
15007
14261
16907
15291
15211
12583
14901
14826
13117
14890
14150
26134
15639
15210
11701
13271
21332
19518
12140
13481
13361
14230
11998
12821
14390
13400
12710
11439
13094
20693
12853
