8.714722222222223
7.745
8.679722222222223
12.306944444444444
7.94
8.762777777777778
8.983333333333333
7.730833333333333
6.746666666666667
6.701388888888889
6.445833333333334
6.130277777777778
7.1
5.964166666666666
8.237222222222222
6.9991666666666665
7.328888888888889
6.541666666666667
5.919444444444444
6.172777777777778
5.814166666666667
6.4825
8.220277777777778
7.865555555555556
5.7011111111111115
6.607222222222222
6.5975
6.591944444444445
5.640555555555555
6.205
6.560833333333333
6.807222222222222
6.528333333333333
4.379722222222222
5.58
9.074444444444444
5.353611111111111
5.271111111111111
5.766111111111111
7.07
5.199166666666667
5.666388888888889
4.868055555555555
5.701944444444444
4.926388888888889
3.9988888888888887
4.458333333333333
4.826666666666667
6.1075
4.552777777777778
4.078888888888889
4.1994444444444445
4.573888888888889
5.237222222222222
7.253333333333333
4.1802777777777775
6.7875
4.371111111111111
4.274444444444445
4.660555555555556
5.813055555555556
4.616944444444444
4.1975
3.9783333333333335
4.196111111111111
4.814722222222223
4.987777777777778
4.9725
4.008055555555556
4.168611111111111
3.961388888888889
4.6963888888888885
4.2475
4.2252777777777775
3.495277777777778
4.139166666666667
4.118333333333333
3.643611111111111
4.136111111111111
3.9305555555555554
7.259444444444444
4.344166666666666
4.225
3.250277777777778
3.6863888888888887
5.9255555555555555
5.421666666666667
3.3722222222222222
3.7447222222222223
3.711388888888889
3.952777777777778
3.332777777777778
3.5613888888888887
3.9972222222222222
3.7222222222222223
3.5305555555555554
3.1775
3.6372222222222224
5.748055555555555
3.5702777777777777
