-14619.0
-12698.0
-12268.0
-23761.0
-12832.0
-12919.0
-16363.0
-11636.0
-10204.0
-9105.0
-9298.0
-10023.0
-11129.0
-9815.0
-11351.0
-10810.0
-12372.0
-11346.0
-9814.0
-9300.0
-8842.0
-9916.0
-11156.0
-10871.0
-8710.0
-9354.0
-9696.0
-9392.0
-7428.0
-8887.0
-10381.0
-10719.0
-10515.0
-5685.0
-8061.0
-9715.0
-7195.0
-7519.0
-7652.0
-7241.0
-6718.0
-7928.0
-6237.0
-8223.0
-6222.0
-5287.0
-6272.0
-6918.0
-8623.0
-6047.0
-4440.0
-5300.0
-6403.0
-6247.0
-7685.0
-5332.0
-6765.0
-5087.0
-4953.0
-5736.0
-5812.0
-5393.0
-5350.0
-4963.0
-5133.0
-5757.0
-6297.0
-5851.0
-5203.0
-5184.0
-4612.0
-5277.0
-5123.0
-4849.0
-4076.0
-4801.0
-4596.0
-3939.0
-4871.0
-4745.0
-6354.0
-4864.0
-4227.0
-3792.0
-3536.0
-4426.0
-3966.0
-3921.0
-3929.0
-3985.0
-4463.0
-3842.0
-4055.0
-3853.0
-3590.0
-3797.0
-3580.0
-3637.0
-4785.0
-3973.0
