6.338888888888889
6.988888888888889
7.199814814814815
7.091481481481481
5.87537037037037
5.761851851851852
6.133518518518518
4.798703703703704
5.253333333333333
4.767777777777778
5.946666666666666
4.408148148148148
5.104629629629629
4.315185185185185
4.559074074074074
5.4309259259259255
4.199074074074074
4.124074074074074
4.408148148148148
4.372592592592593
4.244074074074074
4.208703703703704
4.195555555555556
3.8905555555555558
3.7364814814814813
3.523888888888889
3.501851851851852
3.4277777777777776
3.4427777777777777
3.094074074074074
3.1114814814814813
3.4112962962962965
3.062962962962963
2.837037037037037
2.927962962962963
3.4277777777777776
2.991296296296296
2.8674074074074074
2.516111111111111
3.02
2.868888888888889
2.7246296296296295
2.553148148148148
2.6555555555555554
2.6194444444444445
2.679074074074074
2.704814814814815
2.5185185185185186
2.212037037037037
2.140740740740741
