7.4175
7.913055555555555
9.438611111111111
7.91
7.6002777777777775
9.273888888888889
9.331944444444444
7.846388888888889
9.367777777777778
8.731944444444444
8.866666666666667
6.578611111111111
7.963611111111111
6.841388888888889
8.032777777777778
7.023888888888889
9.23
7.446666666666666
7.739444444444445
7.500277777777778
7.193611111111111
6.4325
9.411111111111111
8.608333333333333
7.757777777777778
8.74638888888889
7.255277777777778
7.551111111111111
8.3875
5.613888888888889
11.799444444444445
6.94
8.23611111111111
5.738333333333333
6.144722222222223
8.973888888888888
8.011944444444444
6.245
8.955
7.545555555555556
6.272777777777778
8.096944444444444
7.690833333333333
7.329166666666667
6.761111111111111
7.650277777777778
6.105
6.241944444444444
6.155833333333334
5.827222222222222
6.053333333333334
6.356388888888889
5.8125
7.153333333333333
10.93388888888889
5.08
9.966666666666667
7.205277777777778
6.0905555555555555
6.658888888888889
8.482222222222223
6.559444444444445
5.665
5.002777777777778
6.760833333333333
6.806388888888889
5.833611111111111
5.722222222222222
6.028333333333333
6.896388888888889
6.403333333333333
7.026388888888889
5.985
7.026388888888889
5.567222222222222
6.326944444444444
5.565833333333333
6.546111111111111
7.423055555555556
6.309722222222222
8.87888888888889
6.081388888888889
6.2316666666666665
7.0247222222222225
5.3933333333333335
8.828333333333333
11.782222222222222
5.5375
5.494722222222222
5.682777777777778
5.6113888888888885
6.421666666666667
5.541666666666667
8.356388888888889
6.778611111111111
6.441388888888889
5.525833333333333
6.469722222222222
7.351666666666667
4.845833333333333
5.631666666666667
11.044722222222223
5.206388888888889
6.346111111111111
5.133611111111111
8.678333333333333
5.3436111111111115
5.424166666666666
6.268055555555556
7.921944444444445
5.384166666666666
5.923611111111111
5.1691666666666665
5.313055555555556
10.526666666666667
4.973055555555556
4.698333333333333
5.533055555555555
6.173333333333333
4.833333333333333
5.204722222222222
5.0675
5.805
5.9463888888888885
5.153611111111111
5.311388888888889
5.8308333333333335
6.262222222222222
7.998333333333333
6.661388888888889
5.159722222222222
7.253888888888889
4.589166666666666
4.853055555555556
4.733888888888889
4.731388888888889
5.3875
5.748611111111111
4.931666666666667
4.982222222222222
8.025277777777777
5.2444444444444445
5.306388888888889
4.895
5.2380555555555555
5.0225
5.167777777777777
5.075277777777778
5.773888888888889
5.100555555555555
5.205
4.263333333333334
5.038611111111111
4.598888888888889
4.689444444444445
5.650277777777778
4.63
4.5633333333333335
4.198611111111111
4.989166666666667
7.776666666666666
5.0313888888888885
4.221666666666667
5.540555555555556
4.9655555555555555
5.191944444444444
4.489166666666667
4.123333333333333
5.2780555555555555
4.195833333333334
4.450833333333334
4.291111111111111
4.977222222222222
6.466666666666667
5.258611111111111
3.988611111111111
4.443611111111111
6.995555555555556
6.226111111111111
4.135555555555555
6.62
5.913888888888889
4.416111111111111
6.153611111111111
4.021944444444444
4.7716666666666665
4.991666666666666
4.128055555555555
4.731111111111111
4.5938888888888885
4.092222222222222
5.4425
4.495833333333334
4.766111111111111
4.832222222222223
4.604444444444445
3.8194444444444446
7.000277777777778
4.711666666666667
4.195
4.594444444444444
4.376666666666667
4.023611111111111
4.153611111111111
8.811111111111112
4.222777777777778
5.794444444444444
4.18
4.408333333333333
4.3052777777777775
4.174166666666666
4.213333333333333
4.488333333333333
4.745555555555556
4.652777777777778
4.740555555555556
4.674722222222222
3.908888888888889
4.013888888888889
4.265555555555555
4.788333333333333
3.816388888888889
4.128888888888889
4.558888888888889
5.413888888888889
4.318611111111111
5.7975
4.615555555555556
4.951388888888889
3.9277777777777776
4.1386111111111115
4.298055555555556
3.993888888888889
4.167777777777777
4.023611111111111
4.461111111111111
4.150833333333333
4.246111111111111
4.391944444444444
5.5325
3.6794444444444445
3.6869444444444444
4.220555555555555
4.573055555555555
8.764722222222222
4.375277777777778
3.924166666666667
3.5555555555555554
3.905
4.405277777777778
3.743611111111111
3.515
4.203055555555555
4.183611111111111
4.160833333333334
4.351111111111111
5.304444444444444
3.7711111111111113
4.2716666666666665
4.079166666666667
4.1097222222222225
3.5430555555555556
3.796111111111111
3.5669444444444443
4.849444444444444
3.816666666666667
4.482222222222222
4.279166666666667
4.434166666666667
3.6502777777777777
3.693611111111111
5.887777777777778
3.4716666666666667
3.798888888888889
3.763611111111111
3.9480555555555554
6.909166666666667
3.730277777777778
3.7569444444444446
3.786388888888889
6.341666666666667
3.357222222222222
3.5883333333333334
4.184166666666667
4.060555555555555
4.9061111111111115
3.5980555555555553
3.8119444444444444
3.8744444444444444
3.4786111111111113
3.477777777777778
3.3383333333333334
3.5969444444444445
3.21
3.883888888888889
3.5355555555555553
3.3305555555555557
3.742777777777778
3.5641666666666665
3.4819444444444443
