-11658.0
-12408.0
-14135.0
-14023.0
-13425.0
-14864.0
-16980.0
-13409.0
-15662.0
-13602.0
-15796.0
-10168.0
-11959.0
-10064.0
-12624.0
-11324.0
-15731.0
-11179.0
-13405.0
-12204.0
-11175.0
-10028.0
-13460.0
-15270.0
-12203.0
-11851.0
-10669.0
-12021.0
-13292.0
-8374.0
-19721.0
-10424.0
-12474.0
-9394.0
-10215.0
-10679.0
-12666.0
-9918.0
-15513.0
-9389.0
-9906.0
-12570.0
-11590.0
-12805.0
-10434.0
-13183.0
-9742.0
-9009.0
-8271.0
-8992.0
-7265.0
-10352.0
-8436.0
-9297.0
-14426.0
-7194.0
-10828.0
-9295.0
-9066.0
-10335.0
-9010.0
-9733.0
-8605.0
-7571.0
-10649.0
-9588.0
-7456.0
-8809.0
-9357.0
-9962.0
-9667.0
-9659.0
-8843.0
-11429.0
-8066.0
-8407.0
-8065.0
-10140.0
-10932.0
-9746.0
-7610.0
-9184.0
-9123.0
-10692.0
-7602.0
-9858.0
-15654.0
-7817.0
-7853.0
-8011.0
-7754.0
-10221.0
-8109.0
-9497.0
-10679.0
-8908.0
-7921.0
-10087.0
-7383.0
-7227.0
-8052.0
-13959.0
-7445.0
-9096.0
-6766.0
-8456.0
-8047.0
-7189.0
-9012.0
-8139.0
-7374.0
-8309.0
-6661.0
-7823.0
-15187.0
-6721.0
-6507.0
-6927.0
-8039.0
-6877.0
-6697.0
-7431.0
-7150.0
-8482.0
-6637.0
-7693.0
-8414.0
-10411.0
-10007.0
-9250.0
-6762.0
-9243.0
-6306.0
-6536.0
-6802.0
-6100.0
-7578.0
-6783.0
-6776.0
-6727.0
-8149.0
-7620.0
-6753.0
-6315.0
-6936.0
-5645.0
-6896.0
-6856.0
-6706.0
-6967.0
-6282.0
-5581.0
-7409.0
-6409.0
-6658.0
-7202.0
-6488.0
-5447.0
-5777.0
-6532.0
-8278.0
-5974.0
-5846.0
-6986.0
-6194.0
-7521.0
-5883.0
-5642.0
-6064.0
-5258.0
-5127.0
-6088.0
-6921.0
-6920.0
-5779.0
-4853.0
-5461.0
-6798.0
-5642.0
-4884.0
-6640.0
-6755.0
-5590.0
-6971.0
-4851.0
-5292.0
-6309.0
-5701.0
-6518.0
-5822.0
-5291.0
-7070.0
-5580.0
-6655.0
-6255.0
-6049.0
-5149.0
-8362.0
-5675.0
-4874.0
-5829.0
-5142.0
-4744.0
-5631.0
-8019.0
-5065.0
-5794.0
-4894.0
-5585.0
-5218.0
-4887.0
-4949.0
-5976.0
-5280.0
-5451.0
-5846.0
-5594.0
-4807.0
-4971.0
-5059.0
-5156.0
-4308.0
-5121.0
-5457.0
-5108.0
-5005.0
-6271.0
-6591.0
-5164.0
-4605.0
-5097.0
-4897.0
-4733.0
-4894.0
-5291.0
-4757.0
-4903.0
-4492.0
-5273.0
-5356.0
-4595.0
-4401.0
-4287.0
-4317.0
-7905.0
-5220.0
-4916.0
-4215.0
-4310.0
-4279.0
-4314.0
-3841.0
-4869.0
-5107.0
-4394.0
-4603.0
-4166.0
-4329.0
-4512.0
-4754.0
-4739.0
-4081.0
-4629.0
-4307.0
-4944.0
-4359.0
-4652.0
-4627.0
-5087.0
-3385.0
-4365.0
-5255.0
-3438.0
-3687.0
-4478.0
-4990.0
-4934.0
-4743.0
-4604.0
-4267.0
-5820.0
-4027.0
-3918.0
-4338.0
-4220.0
-5170.0
-3443.0
-4343.0
-4031.0
-3918.0
-3606.0
-3720.0
-3994.0
-3223.0
-3944.0
-4037.0
-3486.0
-3837.0
-3950.0
-3938.0
