26703
28487
33979
28476
27361
33386
33595
28247
33724
31435
31920
23683
28669
24629
28918
25286
33228
26808
27862
27001
25897
23157
33880
30990
27928
31487
26119
27184
30195
20210
42478
24984
29650
20658
22121
32306
28843
22482
32238
27164
22582
29149
27687
26385
24340
27541
21978
22471
22161
20978
21792
22883
20925
25752
39362
18288
35880
25939
21926
23972
30536
23614
20394
18010
24339
24503
21001
20600
21702
24827
23052
25295
21546
25295
20042
22777
20037
23566
26723
22715
31964
21893
22434
25289
19416
31782
42416
19935
19781
20458
20201
23118
19950
30083
24403
23189
19893
23291
26466
17445
20274
39761
18743
22846
18481
31242
19237
19527
22565
28519
19383
21325
18609
19127
37896
17903
16914
19919
22224
17400
18737
18243
20898
21407
18553
19121
20991
22544
28794
23981
18575
26114
16521
17471
17042
17033
19395
20695
17754
17936
28891
18880
19103
17622
18857
18081
18604
18271
20786
18362
18738
15348
18139
16556
16882
20341
16668
16428
15115
17961
27996
18113
15198
19946
17876
18691
16161
14844
19001
15105
16023
15448
17918
23280
18931
14359
15997
25184
22414
14888
23832
21290
15898
22153
14479
17178
17970
14861
17032
16538
14732
19593
16185
17158
17396
16576
13750
25201
16962
15102
16540
15756
14485
14953
31720
15202
20860
15048
15870
15499
15027
15168
16158
17084
16750
17066
16829
14072
14450
15356
17238
13739
14864
16412
19490
15547
20871
16616
17825
14140
14899
15473
14378
15004
14485
16060
14943
15286
15811
19917
13246
13273
15194
16463
31553
15751
14127
12800
14058
15859
13477
12654
15131
15061
14979
15664
19096
13576
15378
14685
14795
12755
13666
12841
17458
13740
16136
15405
15963
13141
13297
21196
12498
13676
13549
14213
24873
13429
13525
13631
22830
12086
12918
15063
14618
17662
12953
13723
13948
12523
12520
12018
12949
11556
13982
12728
11990
13474
12831
12535
