-14553.0
-14866.0
-14105.0
-17023.0
-11489.0
-18507.0
-11925.0
-13417.0
-11305.0
-12260.0
-12877.0
-11003.0
-10936.0
-12978.0
-8650.0
-15197.0
-10454.0
-8868.0
-12242.0
-7071.0
-9286.0
-11665.0
-13311.0
-10069.0
-8335.0
-7359.0
-12027.0
-9759.0
-9390.0
-9408.0
-9076.0
-7260.0
-8953.0
-8444.0
-7801.0
-8742.0
-6364.0
-6117.0
-8351.0
-8132.0
-6770.0
-7535.0
-6720.0
-8714.0
-7304.0
-6834.0
-7325.0
-5187.0
-6096.0
-5992.0
-5661.0
-7367.0
-5299.0
-7802.0
-6665.0
-7826.0
-8485.0
-5208.0
-6253.0
-5752.0
-8552.0
-5966.0
-6763.0
-5424.0
-5703.0
-5550.0
-5106.0
-5501.0
-4446.0
-6607.0
-5080.0
-5263.0
-4549.0
-5038.0
-4550.0
-5440.0
-5118.0
-5505.0
-4396.0
-4736.0
-6102.0
-4709.0
-3949.0
-3772.0
-4301.0
-6091.0
-5562.0
-4498.0
-4413.0
-4857.0
-3998.0
-3895.0
-4382.0
-4624.0
-2676.0
-4085.0
-3344.0
-4068.0
-5943.0
-4365.0
