26176
29921
37328
26726
26499
44032
31397
26573
26068
27294
38662
30965
47877
26685
31634
34409
40121
23426
33637
29929
23628
31293
37977
28846
26118
34374
33035
31184
26698
29596
24398
40661
33549
39113
32128
43504
29943
24743
33581
41102
24214
36970
31117
36208
31228
22179
27133
30213
24939
36153
28818
25342
24720
40161
47725
29314
38117
43537
22382
27983
37582
31662
24253
27273
32367
36584
28367
40826
24474
34331
28114
34773
23900
30175
28744
33113
34760
26592
33617
26851
36303
27717
28676
41256
33518
41463
41386
26698
27347
34327
32195
30015
26968
43613
40540
35960
27368
27524
49782
24999
26995
41219
25018
29282
29907
32365
28510
26090
27330
40944
29141
28854
34382
27739
43150
27869
26479
38718
25693
38288
29977
29064
33890
29148
22978
20589
28095
33319
36957
27790
33096
31798
25581
28991
27945
37080
26895
33242
29448
30903
37281
23878
34127
28168
30342
26345
28920
29128
29260
25422
31950
22573
24313
23286
28687
23698
31321
50326
21468
23922
33186
22810
22515
26371
35295
28429
22690
23874
27560
28365
31157
27466
30880
31070
28269
31133
30060
39939
48897
26346
31540
46151
35332
35818
33463
34707
27993
25432
30398
25029
21982
48682
26187
23930
34685
28678
29166
45150
31426
53967
24461
25330
32110
30602
40192
37788
36396
32810
32007
23851
26108
24879
23018
28151
30411
35391
30528
30019
34327
26630
31548
34083
29882
38018
32935
28127
35442
24304
42186
36433
26914
27330
29365
27847
22947
30283
27601
33951
23803
42605
26528
26781
36896
34961
40761
36272
22475
37716
24308
27983
37633
31224
36984
35460
30266
49844
42968
24219
25676
29256
36869
26826
26715
24327
31750
31100
34137
31757
25651
26192
26706
40145
26037
31835
30948
24422
36215
38729
27012
31245
48829
38764
45480
27277
37575
25474
30132
30633
42829
29507
39918
25565
38199
28729
29004
28202
25903
23830
30574
29929
