7.271111111111111
8.311388888888889
10.36888888888889
7.4238888888888885
7.360833333333333
12.231111111111112
8.721388888888889
7.381388888888889
7.2411111111111115
7.581666666666667
10.739444444444445
8.60138888888889
13.299166666666666
7.4125
8.787222222222223
9.558055555555555
11.144722222222223
6.5072222222222225
9.34361111111111
8.313611111111111
6.5633333333333335
8.6925
10.549166666666666
8.012777777777778
7.255
9.548333333333334
9.176388888888889
8.662222222222223
7.416111111111111
8.221111111111112
6.777222222222222
11.294722222222223
9.319166666666666
10.864722222222222
8.924444444444445
12.084444444444445
8.3175
6.873055555555555
9.328055555555556
11.417222222222222
6.726111111111111
10.269444444444444
8.643611111111111
10.057777777777778
8.674444444444445
6.160833333333334
7.536944444444444
8.3925
6.9275
10.0425
8.005
7.039444444444444
6.866666666666666
11.155833333333334
13.256944444444445
8.142777777777777
10.588055555555556
12.09361111111111
6.217222222222222
7.773055555555556
10.439444444444444
8.795
6.736944444444444
7.575833333333334
8.990833333333333
10.162222222222223
7.879722222222222
11.340555555555556
6.798333333333333
9.536388888888888
7.809444444444445
9.659166666666666
6.638888888888889
8.381944444444445
7.984444444444445
9.198055555555555
9.655555555555555
7.386666666666667
9.338055555555556
7.458611111111111
10.084166666666667
7.699166666666667
7.9655555555555555
11.46
9.310555555555556
11.5175
11.49611111111111
7.416111111111111
7.596388888888889
9.535277777777777
8.943055555555556
8.3375
7.4911111111111115
12.114722222222222
11.261111111111111
9.988888888888889
7.602222222222222
7.645555555555555
13.828333333333333
6.944166666666667
7.498611111111111
11.449722222222222
6.9494444444444445
8.133888888888889
8.3075
8.990277777777777
7.919444444444444
7.247222222222222
7.591666666666667
11.373333333333333
8.094722222222222
8.015
9.550555555555556
7.705277777777778
11.98611111111111
7.741388888888889
7.355277777777777
10.755
7.1369444444444445
10.635555555555555
8.326944444444445
8.073333333333334
9.41388888888889
8.096666666666666
6.382777777777778
5.719166666666666
7.804166666666666
9.255277777777778
10.265833333333333
7.719444444444444
9.193333333333333
8.832777777777778
7.105833333333333
8.053055555555556
7.7625
10.3
7.470833333333333
9.233888888888888
8.18
8.584166666666667
10.355833333333333
6.632777777777778
9.479722222222222
7.8244444444444445
8.428333333333333
7.3180555555555555
8.033333333333333
8.091111111111111
8.127777777777778
7.0616666666666665
8.875
6.270277777777777
6.753611111111111
6.468333333333334
7.9686111111111115
6.582777777777777
8.700277777777778
13.979444444444445
5.963333333333333
6.645
9.218333333333334
6.336111111111111
6.254166666666666
7.325277777777778
9.804166666666667
7.896944444444444
6.302777777777778
6.631666666666667
7.655555555555556
7.879166666666666
8.654722222222222
7.629444444444444
8.577777777777778
8.630555555555556
7.8525
8.648055555555555
8.35
11.094166666666666
13.5825
7.318333333333333
8.761111111111111
12.819722222222222
9.814444444444444
9.949444444444444
9.295277777777779
9.640833333333333
7.775833333333333
7.064444444444445
8.443888888888889
6.9525
6.106111111111111
13.522777777777778
7.274166666666667
6.647222222222222
9.634722222222223
7.966111111111111
8.101666666666667
12.541666666666666
8.729444444444445
14.990833333333333
6.794722222222222
7.036111111111111
8.919444444444444
8.500555555555556
11.164444444444445
10.496666666666666
10.11
9.113888888888889
8.890833333333333
6.625277777777778
7.252222222222223
6.910833333333334
6.393888888888889
7.8197222222222225
8.4475
9.830833333333333
8.48
8.338611111111112
9.535277777777777
7.397222222222222
8.763333333333334
9.4675
8.300555555555556
10.560555555555556
9.14861111111111
7.813055555555556
9.845
6.751111111111111
11.718333333333334
10.120277777777778
7.476111111111111
7.591666666666667
8.156944444444445
7.735277777777778
6.3741666666666665
8.411944444444444
7.666944444444445
9.430833333333334
6.611944444444444
11.834722222222222
7.368888888888889
7.439166666666667
10.248888888888889
9.711388888888889
11.3225
10.075555555555555
6.243055555555555
10.476666666666667
6.752222222222223
7.773055555555556
10.453611111111112
8.673333333333334
10.273333333333333
9.85
8.407222222222222
13.845555555555556
11.935555555555556
6.7275
7.1322222222222225
8.126666666666667
10.241388888888888
7.451666666666667
7.420833333333333
6.7575
8.819444444444445
8.63888888888889
9.4825
8.821388888888889
7.125277777777778
7.275555555555556
7.418333333333333
11.151388888888889
7.2325
8.843055555555555
8.596666666666666
6.783888888888889
10.059722222222222
10.758055555555556
7.503333333333333
8.679166666666667
13.563611111111111
10.767777777777777
12.633333333333333
7.576944444444444
10.4375
7.0761111111111115
8.37
8.509166666666667
11.896944444444445
8.196388888888889
11.088333333333333
7.101388888888889
10.610833333333334
7.980277777777777
8.056666666666667
7.833888888888889
7.195277777777778
6.6194444444444445
8.492777777777778
8.313611111111111
