-10989.0
-15718.0
-16474.0
-12666.0
-12404.0
-19061.0
-15340.0
-13181.0
-11131.0
-11840.0
-18780.0
-13637.0
-24346.0
-11916.0
-12713.0
-15784.0
-20432.0
-10294.0
-15010.0
-14187.0
-9832.0
-16047.0
-14633.0
-12854.0
-11929.0
-15271.0
-15842.0
-14883.0
-12332.0
-13650.0
-11398.0
-21006.0
-14825.0
-17176.0
-14048.0
-16556.0
-12907.0
-12152.0
-14486.0
-15501.0
-10270.0
-18741.0
-13872.0
-15322.0
-14025.0
-9437.0
-13192.0
-12915.0
-11125.0
-17191.0
-13573.0
-12350.0
-12002.0
-16659.0
-21024.0
-12702.0
-13996.0
-19314.0
-8443.0
-11052.0
-10879.0
-14102.0
-9970.0
-12451.0
-16764.0
-17857.0
-13426.0
-20393.0
-11219.0
-15376.0
-13587.0
-16526.0
-11191.0
-11301.0
-12643.0
-14477.0
-17099.0
-12864.0
-15099.0
-13531.0
-13741.0
-13042.0
-14440.0
-19464.0
-15962.0
-15044.0
-16926.0
-12687.0
-12168.0
-16417.0
-14303.0
-12905.0
-12016.0
-19316.0
-21664.0
-15622.0
-12908.0
-12425.0
-19872.0
-10828.0
-11898.0
-15230.0
-10697.0
-14552.0
-13734.0
-10762.0
-14078.0
-10869.0
-11179.0
-17535.0
-12447.0
-12156.0
-17489.0
-12980.0
-15518.0
-14097.0
-11532.0
-17715.0
-9997.0
-18255.0
-14226.0
-14634.0
-15277.0
-12375.0
-9912.0
-8230.0
-14009.0
-16069.0
-12547.0
-12333.0
-15139.0
-10415.0
-10653.0
-13719.0
-12357.0
-20084.0
-12299.0
-15058.0
-14288.0
-13405.0
-14310.0
-11143.0
-16015.0
-13017.0
-13863.0
-9748.0
-14598.0
-12245.0
-11862.0
-11579.0
-14209.0
-9693.0
-10951.0
-10660.0
-14101.0
-10346.0
-15208.0
-25480.0
-9885.0
-10512.0
-11824.0
-10147.0
-9723.0
-11118.0
-17684.0
-13556.0
-9972.0
-10784.0
-11242.0
-13231.0
-13787.0
-12002.0
-15250.0
-11671.0
-12650.0
-16371.0
-14405.0
-16337.0
-20855.0
-12405.0
-11554.0
-21498.0
-16265.0
-14887.0
-16798.0
-14787.0
-11974.0
-12854.0
-14234.0
-10851.0
-9129.0
-24319.0
-12429.0
-11245.0
-15151.0
-14022.0
-12810.0
-16401.0
-16529.0
-29445.0
-11194.0
-11102.0
-15372.0
-15266.0
-15079.0
-17301.0
-13130.0
-16386.0
-15187.0
-9818.0
-11809.0
-11169.0
-9887.0
-13275.0
-12250.0
-18446.0
-14682.0
-13595.0
-18488.0
-12067.0
-14592.0
-17349.0
-14726.0
-18252.0
-12048.0
-13636.0
-13588.0
-10687.0
-19892.0
-17481.0
-10902.0
-11422.0
-12240.0
-12328.0
-10443.0
-15439.0
-11932.0
-16321.0
-10872.0
-16473.0
-12002.0
-13118.0
-18071.0
-16542.0
-16778.0
-18363.0
-10716.0
-17881.0
-11269.0
-13385.0
-16436.0
-14287.0
-17387.0
-15571.0
-13986.0
-24971.0
-16881.0
-11758.0
-10260.0
-13254.0
-17320.0
-11383.0
-11198.0
-10955.0
-15170.0
-14253.0
-16132.0
-16981.0
-10755.0
-10730.0
-12334.0
-15997.0
-11084.0
-15041.0
-13316.0
-10671.0
-13456.0
-20447.0
-12495.0
-15118.0
-21201.0
-20039.0
-22360.0
-11728.0
-14975.0
-10874.0
-13531.0
-14209.0
-20674.0
-13836.0
-21670.0
-11239.0
-17273.0
-13506.0
-14142.0
-11570.0
-11886.0
-10196.0
-13255.0
-14264.0
