37632
47021
41871
43815
34180
35950
37587
31655
33906
29357
38277
26082
35659
30265
38589
27401
25964
27109
30172
25136
28780
32660
30677
28913
25320
29160
27251
31648
22738
25562
22652
21730
21482
21724
23579
22252
21098
21128
21426
24550
25609
19182
21921
19747
18797
18654
18090
20457
17140
18349
18985
19751
18266
20248
20118
18082
23751
19922
18207
18127
18741
18420
16444
16032
18411
17398
17378
14859
17779
15701
16561
14636
14703
16223
13434
15638
15348
13707
16045
14188
17447
13337
13959
14156
14488
15613
15978
14975
14500
14523
13570
14536
14657
13181
12577
12364
12998
13384
15162
11600
