-25145.0
-33092.0
-28527.0
-29715.0
-22492.0
-23363.0
-23609.0
-20867.0
-21232.0
-17665.0
-26493.0
-15889.0
-23214.0
-18347.0
-25528.0
-15334.0
-15787.0
-16098.0
-17463.0
-14821.0
-17833.0
-20457.0
-17746.0
-17693.0
-14779.0
-17492.0
-15970.0
-19535.0
-12831.0
-14985.0
-12637.0
-11325.0
-11748.0
-12222.0
-13354.0
-10606.0
-10593.0
-12388.0
-11634.0
-12772.0
-14804.0
-9692.0
-11200.0
-10500.0
-9844.0
-9428.0
-9141.0
-10273.0
-8350.0
-9405.0
-9648.0
-10437.0
-9093.0
-10081.0
-9049.0
-8602.0
-11211.0
-9907.0
-8967.0
-8177.0
-7379.0
-8857.0
-7821.0
-7511.0
-8215.0
-7772.0
-8138.0
-6416.0
-7763.0
-7219.0
-7365.0
-6644.0
-6413.0
-7772.0
-5641.0
-6650.0
-6868.0
-5392.0
-7079.0
-6224.0
-7474.0
-5839.0
-6299.0
-6125.0
-5510.0
-6099.0
-6320.0
-5758.0
-5781.0
-6153.0
-5357.0
-5637.0
-6367.0
-4476.0
-4779.0
-5020.0
-5100.0
-4978.0
-5670.0
-4465.0
