6.082222222222223
7.617222222222222
5.986944444444444
6.471111111111111
5.799722222222222
9.809166666666666
5.655555555555556
6.166111111111111
5.232222222222222
6.7508333333333335
4.748333333333333
5.870833333333334
4.701944444444444
5.0008333333333335
9.470833333333333
6.139166666666667
4.4191666666666665
6.570555555555556
5.9925
5.694166666666667
6.49
5.053888888888889
5.435833333333333
4.685
5.795833333333333
4.935277777777777
4.833611111111111
5.913333333333333
5.660277777777778
5.863611111111111
4.664444444444444
9.22861111111111
6.027777777777778
4.842222222222222
4.613611111111111
4.864722222222222
5.746944444444445
4.676666666666667
4.625
4.956388888888889
7.295
4.719444444444444
5.573888888888889
4.073611111111111
5.251111111111111
4.933888888888889
5.028611111111111
5.0175
5.394444444444445
4.0505555555555555
4.496666666666667
4.855555555555555
5.066388888888889
4.489444444444445
4.948888888888889
5.588055555555556
4.428055555555556
5.128333333333333
4.643611111111111
5.583333333333333
7.813888888888889
4.751388888888889
4.0761111111111115
5.7475
4.0441666666666665
4.368055555555555
4.431666666666667
4.6947222222222225
5.115833333333334
3.7913888888888887
5.655555555555556
3.9208333333333334
4.799722222222222
6.047777777777778
4.490555555555556
4.590833333333333
4.903888888888889
7.24
7.743333333333333
4.293333333333333
6.8805555555555555
6.187222222222222
4.331388888888889
6.118333333333333
4.019722222222223
5.263888888888889
4.380833333333333
3.7091666666666665
4.5311111111111115
4.303333333333334
5.271944444444444
4.977222222222222
5.378333333333333
4.697777777777778
4.420555555555556
5.075277777777778
4.488611111111111
5.586666666666667
3.83
3.631666666666667
3.8852777777777776
4.210277777777778
3.9844444444444442
4.355555555555555
7.760277777777778
3.9444444444444446
6.315555555555555
4.163333333333333
4.6625
4.111944444444444
4.1627777777777775
4.264444444444444
4.379166666666666
4.720833333333333
5.106388888888889
4.556666666666667
4.7636111111111115
4.197222222222222
4.391111111111111
4.030833333333334
4.978888888888889
4.719166666666666
3.9230555555555555
5.128333333333333
6.8275
4.270833333333333
6.049166666666666
4.296388888888889
5.676944444444445
4.348888888888889
4.5713888888888885
4.237777777777778
4.373611111111111
3.3647222222222224
3.933611111111111
3.9497222222222224
4.091944444444445
3.482222222222222
3.921111111111111
4.776666666666666
3.7377777777777776
3.850277777777778
4.233333333333333
3.9466666666666668
6.639444444444444
4.270555555555555
3.7044444444444444
4.368888888888889
3.9547222222222222
3.9891666666666667
4.324166666666667
4.271944444444444
4.733055555555556
4.6883333333333335
3.8538888888888887
4.065277777777778
5.914722222222222
3.707777777777778
4.081111111111111
3.8575
4.578611111111111
4.128888888888889
3.3872222222222224
3.7847222222222223
4.7225
3.971388888888889
4.140555555555555
3.890277777777778
3.805
3.6655555555555557
4.2375
6.628611111111111
3.7825
3.9594444444444443
3.669722222222222
3.7594444444444446
5.396388888888889
3.866388888888889
3.6630555555555557
3.8269444444444445
6.047777777777778
3.3777777777777778
3.4266666666666667
4.289444444444444
4.756666666666667
3.5316666666666667
3.6463888888888887
4.1497222222222225
4.339444444444444
3.453888888888889
3.6458333333333335
3.256388888888889
3.5208333333333335
3.7533333333333334
3.94
3.7219444444444445
3.75
3.5877777777777777
3.8144444444444443
4.2877777777777775
