37184
45411
44222
35342
38508
39464
41062
36256
32880
32433
29650
31014
29837
43085
30497
28339
25672
29114
28155
27535
25083
24978
30341
26756
22796
23632
21792
22112
24310
26313
23896
22424
20818
24428
23643
26612
26797
21834
21517
24515
20527
20797
19928
18294
22001
19947
20767
18376
17947
19254
19524
19758
16786
19749
21040
15878
18040
17436
19894
19415
18359
17760
16076
16621
17783
15336
17267
15356
16105
16239
15905
15674
15930
16022
15670
14283
15395
15932
15830
15647
15272
14110
14545
14440
15179
15104
16324
15496
15266
13002
14534
13942
12672
12939
13367
12808
13315
14204
15654
12539
