6.885925925925926
8.409444444444444
8.18925925925926
6.544814814814814
7.131111111111111
7.308148148148148
7.604074074074074
6.714074074074074
6.088888888888889
6.006111111111111
5.4907407407407405
5.743333333333333
5.5253703703703705
7.978703703703704
5.647592592592592
5.247962962962963
4.754074074074074
5.391481481481481
5.213888888888889
5.099074074074074
4.645
4.625555555555556
5.618703703703703
4.954814814814815
4.221481481481481
4.376296296296296
4.035555555555556
4.094814814814815
4.5018518518518515
4.872777777777777
4.425185185185185
4.152592592592592
3.855185185185185
4.523703703703704
4.378333333333333
4.928148148148148
4.962407407407407
4.043333333333333
3.9846296296296297
4.5398148148148145
3.801296296296296
3.8512962962962964
3.6903703703703705
3.387777777777778
4.074259259259259
3.693888888888889
3.845740740740741
3.4029629629629627
3.3235185185185183
3.5655555555555556
3.6155555555555554
3.658888888888889
3.1085185185185185
3.6572222222222224
3.8962962962962964
2.9403703703703705
3.3407407407407406
3.2288888888888887
3.6840740740740743
3.5953703703703703
3.399814814814815
3.2888888888888888
2.977037037037037
3.077962962962963
3.293148148148148
2.84
3.1975925925925925
2.843703703703704
2.9824074074074076
3.007222222222222
2.9453703703703704
2.9025925925925926
2.95
2.967037037037037
2.901851851851852
2.645
2.850925925925926
2.9503703703703703
2.9314814814814816
2.8975925925925927
2.828148148148148
2.612962962962963
2.6935185185185184
2.674074074074074
2.810925925925926
2.797037037037037
3.022962962962963
2.8696296296296295
2.8270370370370372
2.4077777777777776
2.6914814814814814
2.581851851851852
2.3466666666666667
2.3961111111111113
2.47537037037037
2.3718518518518517
2.4657407407407406
2.6303703703703705
2.898888888888889
2.322037037037037
