-24531.0
-31021.0
-30786.0
-23638.0
-25001.0
-25409.0
-26852.0
-23977.0
-21236.0
-20609.0
-18174.0
-21069.0
-20121.0
-31004.0
-18468.0
-17077.0
-15564.0
-17129.0
-17037.0
-16542.0
-14904.0
-14356.0
-17109.0
-15894.0
-12340.0
-12905.0
-12641.0
-11691.0
-14163.0
-15364.0
-13596.0
-11609.0
-11003.0
-14353.0
-13177.0
-13959.0
-15309.0
-13031.0
-11326.0
-12357.0
-10603.0
-10861.0
-9979.0
-8864.0
-12622.0
-10226.0
-11244.0
-9364.0
-8395.0
-9938.0
-10248.0
-10085.0
-8348.0
-9756.0
-9644.0
-7256.0
-7759.0
-8690.0
-9738.0
-9486.0
-7411.0
-7797.0
-6912.0
-8063.0
-8630.0
-7146.0
-8233.0
-6940.0
-7525.0
-6470.0
-7205.0
-7534.0
-6838.0
-6872.0
-6640.0
-5963.0
-6397.0
-7538.0
-6782.0
-6824.0
-5674.0
-6417.0
-6546.0
-5870.0
-6256.0
-5570.0
-6421.0
-6997.0
-6385.0
-5322.0
-6205.0
-5530.0
-5380.0
-4991.0
-5629.0
-5194.0
-5136.0
-5356.0
-5197.0
-4711.0
